x y
0.476130180060863 1.28277343561809
3.53332815691829 1.6261299613448
3.37140398100019 5.97106738721199
0.812808376736939 2.29037355032267
0.127242594957352 1.0363909997124
2.90991287305951 6.25610009537965
3.41346062440425 4.93829206083671
0.480840305797756 1.26754257930344
1.07260974962264 2.60321284974156
2.10028871428221 3.8623663718728
0.115582995116711 1.00935834629491
3.9018296757713 7.28928512567281
0.665157616138458 1.19095308061087
3.48388610500842 8.36358224809235
2.26653483416885 3.73826931594888
0.750795650295913 1.65313384464682
1.42547309584916 3.24526614106674
0.67819036450237 3.22775743399053
0.578454093076289 2.05797176663364
3.45096410624683 3.98412121355117
0.0817791083827615 1.07816832778084
3.93044560216367 7.740298732433
2.42686237581074 4.19861049692503
2.44711054116488 2.94657455113044
2.23489550780505 4.68706340609266
2.06209053751081 4.26860236371573
2.14533509593457 4.97155861983555
1.71748218405992 3.21526133740041
0.884028201922774 2.38841833983077
1.21356669254601 2.63961309115566
3.90751880779862 5.75505565231777
1.69789106212556 4.63528586851185
3.79158417042345 6.78308520110975
0.587410419248044 2.84476043338434
1.09488694090396 2.07238799907541
1.84239132422954 3.75483332863832
2.457001327537 7.32538769461972
2.33177083078772 2.44378005801238
3.73848035372794 9.69673027502579
2.46411729045212 3.9424092096064
0.146930574439466 1.24178876609393
1.81096525210887 1.29594852710721
0.168776199221611 1.34945064936853
0.382642461918294 1.62037613077714
0.793144676834345 2.70807091343858
1.30459560081363 3.56413851878467
3.21898770239204 6.46884797594772
3.3449388705194 3.39831391682828
2.191564922221 2.40276589075898
1.88969247695059 4.63014081189148
3.3092292137444 6.31328629562818
3.06359206140041 5.42810343145866
3.58524126186967 7.89772031948318
3.10308019258082 3.98966360303531
2.88549695629627 6.69616712296647
3.23517854791135 2.82721818084361
1.90233653318137 1.38970912203978
0.515002207830548 1.74100953247978
0.183330154977739 1.28990927430224
2.77350904606283 5.31640047505205
2.01294929441065 3.72218505666345
2.48217709176242 7.07192406366885
0.249038989655674 1.42332194697702
1.63719996344298 2.43140880452682
2.87698626238853 5.90928000195556
3.63396590482444 5.6927264147218
0.482762822881341 1.58657594984655
3.38190720509738 6.14231123820775
1.02849584165961 1.51990056924408
0.919703334569931 2.55165401778584
3.89598738122731 8.60314700450672
3.22379655390978 3.59228980016281
3.79018644895405 6.8767260996626
2.15625752136111 3.08835280185346
0.406161576509476 1.92312411014543
1.02223001793027 2.47922335176842
1.89215569663793 2.88824695292531
0.532561937347054 1.78711010181948
1.56608045008034 3.31470461863481
2.73126322776079 5.97547584200799
3.41564298141748 6.39445995007327
3.93273684196174 9.44469088295364
2.26587330177426 4.20353469150342
0.805479118600488 2.02981605799953
1.20900325104594 3.49866304745652
0.180259265936911 1.36420926707621
2.51255675777793 5.21803191492388
2.13400389067829 4.50732084381475
3.85578760597855 6.02062935510176
2.44338709488511 4.84461635451093
2.33634904865175 5.11477187691999
1.02631799131632 2.73436770743589
1.95037350896746 2.97605562174842
1.51484130229801 2.34216427405231
1.24744547065347 3.63060265567135
0.837100462056696 1.46796092236124
1.22360569052398 2.90866860505414
3.95079263672233 7.68658725701497
1.34082912746817 3.56226146478441
1.78015062492341 3.54191090114836
0.493612552993 1.96423784987576
0.368728271685541 1.5073313705493
1.1739098103717 3.78840453835457
3.71369528025389 4.89494391920975
2.40627844911069 5.27219810041692
2.59358303714544 7.16972472917423
1.32697799149901 3.71559333611904
3.77552181016654 4.55765346279316
2.38618824537843 7.99863130158172
2.77250150591135 7.40070748022569
0.552266877144575 0.987204692973671
1.23621600680053 3.55541168141277
1.09264939185232 1.85422786402374
2.01166968233883 3.90153998306714
2.10798982530832 4.94963547761334
1.8897048663348 4.60465134743132
3.53771039936692 5.03914526273299
2.20848951023072 4.13340643462444
1.57378270011395 4.95407256645989
2.3691648086533 5.28008444439555
