x y
0.0292026146780699 -0.502258632525698
0.474041934357956 0.40988897198008
1.54373566736467 -0.161140855384146
1.14409863017499 0.528577197532307
-1.74006217159331 -0.104845492983332
2.28093628189526 -0.857445941595417
1.26768844085746 0.501599285022007
1.76031144685112 -0.53541575380522
0.867208868730813 0.964569880253663
-0.564372272929177 -1.43873397600589
0.790012414800003 0.74158595055223
-0.893152008065954 -0.707120690107395
0.560375101631507 0.834478686079089
1.36318069533445 0.71240138811101
-1.16893897298723 -0.929731306264082
1.24401067732833 0.251780362248051
1.49724679184146 -0.581178818523285
-0.402635550126433 -0.82546621875692
0.611029021674767 1.01569447299109
2.03796422109008 -0.760136800369947
0.913484202465042 0.641669712489326
1.9542096927762 -0.969000522737605
-0.199317863443866 -0.245546396867136
-1.80622285348363 0.590819279264197
0.403163817245513 0.708424206481603
2.40989377140068 -1.38632392632899
-0.187429072102532 -0.254808696617762
0.0858244847040623 0.293848099927209
0.199605306843296 0.207717749000396
0.558602940291166 0.591758331867497
-0.5286890338175 -0.995869745782285
1.62304733414203 0.382607340475168
2.05429080408067 -1.76714433328209
1.64254560368136 -0.0248977229483662
-0.291053225519136 -0.692299237788277
1.34130779653788 0.919081299020728
0.0992272596340626 -0.224141009265803
-1.7581662919838 -0.0511677838262729
1.48892111727037 -0.511574133255962
2.43146739085205 -0.896351881903984
-0.572163085453212 -0.52641452437271
1.29664130858146 0.849218852477824
-1.80490273516625 0.510001994358569
0.176213547820225 0.634171133830771
1.63109651650302 -0.38500613236897
-1.38941439799964 -0.539688242351433
0.704381221439689 1.02618114745312
2.31683954247274 -0.538461911172071
1.35224452009425 0.892329598743238
-2.18598610954359 1.15023259435888
1.55542511143722 0.114277783331989
2.2606928111054 -1.24927845620654
1.00739479414187 0.72292507513211
-0.75500674196519 -1.24085331396081
-2.39916527410969 0.992660394488699
-2.49183840001933 0.760438147949115
1.68495591846295 -0.0672614695682742
1.84388809837401 -0.590257634313661
0.910300804534927 0.878532300136188
2.28333264938556 -0.953520226411934
1.4700656128116 0.00987822602750227
-1.83697295491584 0.529794346091807
1.1120035208296 0.938280357947811
-1.53253557742573 -0.0497824270279236
-1.45802096347325 -0.140339504652516
2.48654300463386 -1.19677809861037
1.7308773228433 -0.693022455169816
-1.94571750587784 1.30457009087854
2.19860965502448 -1.33453247806029
-0.448589621810243 -0.78387200334433
1.68726848787628 -0.947984546777717
-1.22944077244028 -0.0603154359557344
-0.235848545562476 -0.597920951716624
-2.35701596946456 0.641678989904714
-1.9368399947416 0.680352849042914
-1.38111818698235 -0.480709887308947
1.22870336752385 1.233201436622
-1.92187939654104 0.523844166092665
-0.60131270205602 -0.699446696156471
-0.595124326646328 -0.713335407869216
0.159731634194031 0.844608965015915
0.198643588228151 0.978745275540082
0.16456616227515 0.10317413969808
-2.45979776605964 1.35930202952755
-1.61568867973983 0.360146377030552
0.161823583766818 0.457977672159299
-0.239233067259192 0.0219134944909642
1.80228209705092 -0.64241384422318
-1.54666159651242 -0.494020989249864
1.80298514431342 -0.764440914205401
